· ·- 172 010104100111110011110110

0,((0011111101,Ξ(111110001,111 1001011001Ξο0 1010000111( 111ΞΞΞ
(0111( 11(0100(1(10(110(01001101 ,101110100111000101110,
(000011ζζ 0 001111, ((11 11, ((11.1,011110111 (1101111 (11011000οΞ11
(000110111101001(010101001101001, 00110111111111011101101
(1(01(010,(0(1(10 ((1001 011101011110101010111111110( (1(’1
111111111 (11((0101000111110011101 (011((1111100111 ((11 10010 (11111111
(0011101001((11((0(1(0111,1(110111101011111011101011100(
(11011111 100((10(0(0,01101(10,(10(0(01(11 (1110110111011.
0010010101( 1011011110 (11 0( 1111101100( ((01 00111( 001111, 110 11·
00010111110110101010,00((11((11001((,ὃ10(1001011001(1111111
10111111((1(*0100101-(001000010181111111001100111000000111
11011101101001101011101. 111110110101111110,0(1(0111’((10(11011000
((1111 1110 0011110100( 111010 0001110111 10οἒ1100 ((1111 ((1 010
{111111112111111111112:1111111113111111111111³ 0000011100(οε 0111011
(11110 quedam 0011010* st.I-11q110m1111 1111110011 (011( 11010011(
10011101011011110000((111(ΞΞο1111100101(1(111101010111((1000011,
vocat 1110110110 e 101100 111 Ξ(1>1((100(1(,(011101 (01 1110011( 0011, s
0101111001-(0100-,110(00((001101110,(001111101101101000111
1003110010(1001101111,(110100101001001111(0000000110.
10101100((010)-101111001,(11((00110110100001001(0100111111-
1001110111,0101 (10010100101011001110111, 1001110 (0110110 ,,

11001001000011001111( )000(((11,(1 ef1'1111101 (101110010111ει
1(1,00(((1110111010 1001110010110011001011111010101111100.
1101( 1101001110010 (11101001011100000011100011(1011100111
(01101110010111011111 (1111010011 1111081000( (001(,111001100011
ΞΜΜ ((11 (1011 0011111( (10111 101( ’(1301 1000811(οΞοε (011( ((1001 ((1111
³³²⁰ mm Ξ docet: (1011011101(010110101011000000110011101010011011(

110111* (101111

W 00100101. 801 0111110110(οΞ 1((1(11,0.10(11010001Ξ(1,011

((10 (0111111110 (1, 0110111 01000( (101111010100 1110110111( ((01,
(0 100011 ((11 (0001110001010111 (0011((101101 (0011111, 1111111101(
00011010οΞ11 1011110101( (101110οἴ (1011110 0010110110111 1111 S ((1
01111001(οΞ 11:21h131 000 Ξο111111,’ 0100010106( tam (0111011 00110οΕ
1110100001101001011110000111(00(10,10(0,δ1011(010(
1011010111111011101( corpus,q1101{1q111111nuncupam111‚&
1101110000( 11111133111111111 0110011001 (110100 000 0100111011(

13111611

 

